# Hedera Configuration
HEDERA_NETWORK=testnet
HEDERA_OPERATOR_ID=0.0.6976406
HEDERA_OPERATOR_KEY=3030020100300706052b8104000a04220420782334080114436f024dd87f9a21e58a91e3c95583ffce4749b21a888f0ad76b

# old configuration with treasury separated from operator
#HEDERA_OPERATOR_ID=0.0.6606998
#HEDERA_OPERATOR_KEY=3030020100300706052b8104000a04220420fc34d8e0235b7719522d71778160adafe26c8a22ef4ac917c3f92c41b15bfd08
HEDERA_MIRROR_NODE_URL=testnet.mirrornode.hedera.com

HEDERA_TREASURY_ID=0.0.6976406
HEDERA_TREASURY_KEY=3030020100300706052b8104000a04220420782334080114436f024dd87f9a21e58a91e3c95583ffce4749b21a888f0ad76b

PRIVATE_KEY_PREFIX=3030020100300706052b8104000a04220420

user_001_PRIVATE_KEY=3030020100300706052b8104000a042204206cc570ed1790359e9f2d516e9831ff0748e1ae40f84cb2bbc42b645ec9adfdfd
user_002_PRIVATE_KEY=3030020100300706052b8104000a042204205df8d925647a0f6b0bce7cda7efe106e2ba007b274b0af8c7557149940fa87c4
user_003_PRIVATE_KEY=3030020100300706052b8104000a0422042075871bdb68390f2bd8aaabfd4b4bc58095037714dfd64e160b7ce72fbbac83c8
user_004_PRIVATE_KEY=3030020100300706052b8104000a0422042036065d990cd5ae0162bbe3c3c7c96572e31aff1d67c1954c9e00d9b74512e064
user_005_PRIVATE_KEY=3030020100300706052b8104000a042204206412b160dc4dd3b1de5497c82e9f863b95316ee264b6135896b366b7236cc7c8
user_006_PRIVATE_KEY=3030020100300706052b8104000a042204206c4d64670ffae24ca5edfeb5c898184f18d3e1762f9aae09675b9e2b22393313
user_007_PRIVATE_KEY=3030020100300706052b8104000a0422042077d3b747db12435702694e2ac06fcbee1a8fd0043df2926cabf5c5a25e50c608
user_008_PRIVATE_KEY=3030020100300706052b8104000a042204200d34fd31739921d1bd8a6c2362197c7c89dbb9839064759c4f40d460b6d719b3

# Platform Stablecoin Token (WAT - Wage Advance Token)
# Created: 2025-10-21T16:19:31.844Z
# Token ID: 0.0.7102487
HEDERA_TREASURY_ID=0.0.6976406
HEDERA_TREASURY_KEY=3030020100300706052b8104000a04220420782334080114436f024dd87f9a21e58a91e3c95583ffce4749b21a888f0ad76b
PLATFORM_BANK_ACCOUNT=MA64360787000004003297002702
PLATFORM_STABLECOIN_TOKEN_ID=0.0.7126698
PLATFORM_STABLECOIN_NAME= MAD TARWIJ StableCoin
PLATFORM_STABLECOIN_SYMBOL=MADT
PLATFORM_STABLECOIN_DECIMALS=2
PLATFORM_STABLECOIN_ADMIN_KEY=3030020100300706052b8104000a042204202a5ae20014defe90191844dd4a9f86af8368680b514ed26c51b588ee34de4b05
PLATFORM_STABLECOIN_SUPPLY_KEY=3030020100300706052b8104000a042204202b7161253af77a8c29aff243c08e99800c15e793159a762a1a3742488a8b4bc0
PLATFORM_STABLECOIN_FREEZE_KEY=3030020100300706052b8104000a04220420345d19fc89271575ca513d70a7fa0e7f26fae0b51bd5408e3a29688e858bb68c
PLATFORM_STABLECOIN_WIPE_KEY=3030020100300706052b8104000a0422042034bc4f2e0b8d73e9cb033421a04afc57b430d2dd39d8a94c1aa835e17a8df7f5
PLATFORM_STABLECOIN_KYC_KEY=3030020100300706052b8104000a04220420597bf274fa67848c6e100847924a38b1d50a57785e3954342e739a1bbb79ed6a
PLATFORM_STABLECOIN_PAUSE_KEY=3030020100300706052b8104000a042204200fec7dfaf854697a4659a29c6664927698702b2ec7cf2cfa0de57551b4904df3
PLATFORM_STABLECOIN_FEE_SCHEDULE_KEY=3030020100300706052b8104000a04220420ff99ff2d12b076d9dd9603201f6f2c5445c86a78bc5bccf66d43e145d37c0f00

CONTRACT_ORACLE_ID=0.0.7102724
CONTRACT_MINTER_ID=0.0.7102727
CONTRACT_SWAP_ID=0.0.7102730